********************************************************************

                       Jay Offerdahl - Lab 8                        

********************************************************************

Original Array:
[3, 79, 51, 25, 2, 49, 84, 64, 39, 89, 12, 40, 96, 98, 92, 68, 30, 29, 83, 50, 23, 82, 7, 78, 95, 56, 71, 46, 10, 37, 38, 57, 42, 1, 26, 97, 59, 90, 13, 67, 53, 18, 99, 34, 27, 36, 62, 24, 45, 8]

Heaped Array:
[1, 99, 98, 3, 2, 8, 10, 68, 97, 89, 82, 95, 96, 84, 92, 42, 25, 29, 13, 50, 18, 12, 7, 24, 40, 56, 71, 46, 51, 37, 38, 57, 64, 30, 26, 39, 59, 90, 83, 67, 53, 23, 79, 34, 27, 36, 62, 78, 45, 49]
Inserting 5 to the heap...
[1, 99, 98, 3, 2, 5, 10, 68, 97, 89, 82, 95, 96, 84, 92, 42, 25, 29, 13, 50, 18, 12, 7, 24, 8, 56, 71, 46, 51, 37, 38, 57, 64, 30, 26, 39, 59, 90, 83, 67, 53, 23, 79, 34, 27, 36, 62, 78, 45, 49, 40]
Inserting 87 to the heap...
[1, 99, 98, 3, 2, 5, 10, 68, 97, 89, 82, 95, 96, 84, 92, 42, 25, 29, 13, 50, 18, 12, 7, 24, 8, 56, 71, 46, 51, 37, 38, 57, 64, 30, 26, 39, 59, 90, 83, 67, 53, 23, 79, 34, 27, 36, 62, 78, 45, 49, 40, 87]
Deleting 99 from the heap...
[1, 97, 98, 3, 2, 5, 10, 68, 90, 89, 82, 95, 96, 84, 92, 42, 25, 29, 13, 50, 18, 12, 7, 24, 8, 56, 71, 46, 51, 37, 38, 57, 64, 30, 26, 39, 59, 87, 83, 67, 53, 23, 79, 34, 27, 36, 62, 78, 45, 49, 40]
Deleting 1 from the heap...
[2, 97, 98, 3, 7, 5, 10, 68, 90, 89, 82, 95, 96, 84, 92, 42, 25, 29, 13, 50, 18, 12, 36, 24, 8, 56, 71, 46, 51, 37, 38, 57, 64, 30, 26, 39, 59, 87, 83, 67, 53, 23, 79, 34, 27, 40, 62, 78, 45, 49]
Inserting 50 to the heap...
[2, 97, 98, 3, 7, 5, 10, 68, 90, 89, 82, 95, 96, 84, 92, 42, 25, 29, 13, 50, 18, 12, 36, 24, 8, 56, 71, 46, 51, 37, 38, 57, 64, 30, 26, 39, 59, 87, 83, 67, 53, 23, 79, 34, 27, 40, 62, 78, 45, 49, 50]
Deleting 98 from the heap...
[2, 97, 96, 3, 7, 5, 10, 68, 90, 89, 82, 95, 71, 84, 92, 42, 25, 29, 13, 50, 18, 12, 36, 24, 8, 56, 50, 46, 51, 37, 38, 57, 64, 30, 26, 39, 59, 87, 83, 67, 53, 23, 79, 34, 27, 40, 62, 78, 45, 49]
Inserting 98 to the heap...
[2, 97, 98, 3, 7, 5, 10, 68, 90, 89, 82, 96, 71, 84, 92, 42, 25, 29, 13, 50, 18, 12, 36, 24, 8, 56, 50, 46, 51, 37, 38, 57, 64, 30, 26, 39, 59, 87, 83, 67, 53, 23, 79, 34, 27, 40, 62, 78, 45, 49, 95]
Inserting 2 to the heap...
[2, 97, 98, 3, 7, 2, 10, 68, 90, 89, 82, 96, 71, 84, 92, 42, 25, 29, 13, 50, 18, 12, 36, 24, 8, 5, 50, 46, 51, 37, 38, 57, 64, 30, 26, 39, 59, 87, 83, 67, 53, 23, 79, 34, 27, 40, 62, 78, 45, 49, 95, 56]
Inserting 1 to the heap...
[1, 97, 98, 3, 7, 2, 10, 68, 90, 89, 82, 96, 71, 84, 92, 42, 25, 29, 13, 50, 18, 12, 36, 24, 8, 2, 50, 46, 51, 37, 38, 57, 64, 30, 26, 39, 59, 87, 83, 67, 53, 23, 79, 34, 27, 40, 62, 78, 45, 49, 95, 56, 5]
Inserting 100 to the heap...
[1, 97, 100, 3, 7, 2, 10, 68, 90, 89, 82, 96, 98, 84, 92, 42, 25, 29, 13, 50, 18, 12, 36, 24, 8, 2, 50, 46, 51, 37, 38, 57, 64, 30, 26, 39, 59, 87, 83, 67, 53, 23, 79, 34, 27, 40, 62, 78, 45, 49, 95, 56, 5, 71]
Inserting 99 to the heap...
[1, 97, 100, 3, 7, 2, 10, 68, 90, 89, 82, 96, 99, 84, 92, 42, 25, 29, 13, 50, 18, 12, 36, 24, 8, 2, 50, 46, 51, 37, 38, 57, 64, 30, 26, 39, 59, 87, 83, 67, 53, 23, 79, 34, 27, 40, 62, 78, 45, 49, 95, 56, 5, 71, 98]
Deleting 1 from the heap...
[2, 97, 100, 3, 7, 2, 10, 68, 90, 89, 82, 96, 99, 84, 92, 42, 25, 29, 13, 50, 18, 12, 36, 24, 8, 5, 50, 46, 51, 37, 38, 57, 64, 30, 26, 39, 59, 87, 83, 67, 53, 23, 79, 34, 27, 40, 62, 78, 45, 49, 95, 56, 98, 71]
Deleting 100 from the heap...
[2, 97, 99, 3, 7, 2, 10, 68, 90, 89, 82, 96, 98, 84, 92, 42, 25, 29, 13, 50, 18, 12, 36, 24, 8, 5, 50, 46, 51, 37, 38, 57, 64, 30, 26, 39, 59, 87, 83, 67, 53, 23, 79, 34, 27, 40, 62, 78, 45, 49, 95, 56, 71]
Deleting 2 from the heap...
[2, 97, 99, 3, 7, 5, 10, 68, 90, 89, 82, 96, 98, 84, 92, 42, 25, 29, 13, 50, 18, 12, 36, 24, 8, 56, 50, 46, 51, 37, 38, 57, 64, 30, 26, 39, 59, 87, 83, 67, 53, 23, 79, 34, 27, 40, 62, 78, 45, 49, 95, 71]
Deleting 99 from the heap...
[2, 97, 98, 3, 7, 5, 10, 68, 90, 89, 82, 96, 71, 84, 92, 42, 25, 29, 13, 50, 18, 12, 36, 24, 8, 56, 50, 46, 51, 37, 38, 57, 64, 30, 26, 39, 59, 87, 83, 67, 53, 23, 79, 34, 27, 40, 62, 78, 45, 49, 95]
Deleting 98 from the heap...
[2, 97, 96, 3, 7, 5, 10, 68, 90, 89, 82, 95, 71, 84, 92, 42, 25, 29, 13, 50, 18, 12, 36, 24, 8, 56, 50, 46, 51, 37, 38, 57, 64, 30, 26, 39, 59, 87, 83, 67, 53, 23, 79, 34, 27, 40, 62, 78, 45, 49]
Deleting 97 from the heap...
[2, 90, 96, 3, 7, 5, 10, 68, 87, 89, 82, 95, 71, 84, 92, 42, 25, 29, 13, 50, 18, 12, 36, 24, 8, 56, 50, 46, 51, 37, 38, 57, 64, 30, 26, 39, 59, 49, 83, 67, 53, 23, 79, 34, 27, 40, 62, 78, 45]
