1 1 2
1 7 8
1 67 89
1 -6 20
1 -4 13
1 92 0
1 7 -9
1 14 -23
1 -1 12
1 1 -12
1 14 16
2
3
4
5
6
7

8
1 12 2
1 5439 812
1 67 -389
1 -6 20
1 -4 13
1 92 0
1 7 -9
1 14 -23
1 -1 12
1 1 -12
1 14 16
1 1 2
1 7 8
1 231 176
1 1 14
1 56 93
1 -90 18
1 -105 35
1 1024 4098
1 0321 648
1 4914 947
1 3891 320
1 -931 439
1 -90 184
1 294 -873
1 12 4
1 0342 1
1 12 2
1 12 2
1 12 2
2
3
4
5
6
7

8
1 1 1
1 6 2
1 5 92
1 -9 32
1 34 -89
2
3
4
5
6
7

8
1 1 1
1 2 1
1 3 1
1 1 1
1 2 1
1 3 1
1 1 1
2
3
4
5
6
7

8
1 1 1
1 2 1
1 3 1
1 4 1
1 1 1
1 2 1
2
3
4
5
6
7

8
1 1 2
1 1 3
1 1 4
1 1 5
1 1 6
1 1 7
1 1 8
1 1 9
1 1 10
1 -1 2
1 -1 3
1 -1 4
1 -1 5
1 -1 6
1 -1 7
1 -1 8
1 -1 9
1 -1 10
2
3
4
5
6
7


8
1 56 103
2
3
4
5
6
7

8
1 1 2
1 3 4
2
3
4
5
6
7

8
1 1 -23
1 3 4
1 78 14
2
3
4
5
6
7